Barbarian Kdot 2 0 1450 1950 1600 29 39 32
Assassin bood 1 0 1850 1400 1750 37 28 35
Barbarian Olly 4 0 1450 1950 1600 29 39 32
Barbarian shih 5 0 1450 1950 1600 29 39 32
Wizard hombiro 6 0 2250 1450 1300 45 29 26
Wizard Raki 7 0 2250 1450 1300 45 29 26
Assassin Boo 8 250 1950 1400 1750 39 28 35
Assassin black 15 5000 2500 1950 2600 50 39 52
Assassin PDIDDY 0 0 1850 1400 1750 37 28 35
Knight Welcome 0 0 2050 1200 1750 41 24 35
Warrior Hello 0 0 1800 2100 1100 36 42 22
Warrior Someone 0 0 1800 2100 1100 36 42 22
Knight PitBull 0 0 2050 1200 1750 41 24 35
Assassin KICK 0 0 1850 1400 1750 37 28 35
Warrior BIG 0 0 1800 2100 1100 36 42 22
Knight Blue 0 0 2050 1200 1750 41 24 35
Warrior WHAT 0 0 1800 2100 1100 36 42 22
Wizard kkkkkk 0 0 2250 1450 1300 45 29 26
Wizard Coffee 0 150 2350 1450 1300 47 29 26
Assassin Sphynx 1 100 1850 1400 1800 37 28 36
Wizard Tsundzukani 10 8800 7000 7900 7950 150 158 159
Assassin k 0 50 1850 1450 1750 37 29 35
